212.0 69.0 49.0 6.0 10.0 3.0 9.0 0.0 2.0 30.0 13.0 4.0 17.0 14.0 0.0 17.0 11.0 5.0 4.0 5.0 1.0 2.0 5.0 0.0 2.0 0.0 0.0 13.0 19.0 7.0 2.0 2.0 2.0 0.0 2.0 0.0 0.0 0.0 1.0 0.0 0.0
69.0 98.0 2.0 0.0 0.0 16.0 0.0 0.0 0.0 14.0 7.0 2.0 5.0 16.0 5.0 28.0 2.0 18.0 11.0 16.0 1.0 2.0 16.0 1.0 2.0 0.0 0.0 13.0 9.0 1.0 2.0 1.0 0.0 1.0 9.0 0.0 1.0 2.0 2.0 0.0 0.0
49.0 2.0 145.0 19.0 3.0 1.0 1.0 0.0 1.0 17.0 7.0 6.0 20.0 2.0 0.0 2.0 6.0 0.0 0.0 0.0 0.0 7.0 0.0 0.0 1.0 0.0 0.0 0.0 0.0 4.0 0.0 0.0 0.0 0.0 0.0 0.0 0.0 0.0 1.0 0.0 0.0
6.0 0.0 19.0 219.0 6.0 26.0 10.0 0.0 1.0 6.0 6.0 31.0 23.0 15.0 8.0 1.0 6.0 23.0 11.0 1.0 39.0 38.0 21.0 0.0 42.0 2.0 0.0 0.0 0.0 1.0 0.0 0.0 0.0 0.0 0.0 1.0 1.0 0.0 0.0 2.0 0.0
10.0 0.0 3.0 6.0 49.0 12.0 27.0 0.0 3.0 3.0 1.0 4.0 1.0 1.0 0.0 1.0 13.0 1.0 1.0 0.0 1.0 1.0 1.0 0.0 2.0 0.0 0.0 0.0 1.0 1.0 0.0 0.0 0.0 0.0 0.0 0.0 2.0 0.0 0.0 0.0 0.0
3.0 16.0 1.0 26.0 12.0 454.0 48.0 11.0 1.0 11.0 1.0 9.0 28.0 40.0 30.0 21.0 6.0 223.0 129.0 33.0 33.0 16.0 210.0 9.0 48.0 34.0 14.0 13.0 2.0 1.0 0.0 0.0 0.0 0.0 0.0 1.0 1.0 0.0 1.0 0.0 0.0
9.0 0.0 1.0 10.0 27.0 48.0 88.0 1.0 1.0 1.0 0.0 5.0 2.0 3.0 2.0 1.0 12.0 3.0 2.0 0.0 0.0 1.0 3.0 0.0 22.0 2.0 0.0 0.0 2.0 1.0 0.0 0.0 0.0 0.0 0.0 0.0 1.0 0.0 0.0 0.0 0.0
0.0 0.0 0.0 0.0 0.0 11.0 1.0 12.0 0.0 0.0 0.0 0.0 0.0 0.0 1.0 0.0 0.0 2.0 1.0 0.0 1.0 0.0 2.0 0.0 0.0 0.0 0.0 0.0 0.0 0.0 0.0 0.0 0.0 0.0 0.0 0.0 0.0 0.0 0.0 0.0 0.0
2.0 0.0 1.0 1.0 3.0 1.0 1.0 0.0 98.0 1.0 11.0 2.0 8.0 0.0 1.0 0.0 2.0 2.0 2.0 0.0 0.0 1.0 2.0 0.0 0.0 0.0 0.0 1.0 8.0 2.0 1.0 0.0 1.0 0.0 0.0 0.0 4.0 0.0 2.0 36.0 1.0
30.0 14.0 17.0 6.0 3.0 11.0 1.0 0.0 1.0 189.0 79.0 2.0 15.0 47.0 0.0 60.0 5.0 19.0 14.0 4.0 3.0 3.0 16.0 1.0 2.0 1.0 0.0 4.0 0.0 0.0 0.0 1.0 0.0 0.0 0.0 3.0 0.0 0.0 0.0 1.0 0.0
13.0 7.0 7.0 6.0 1.0 1.0 0.0 0.0 11.0 79.0 130.0 4.0 8.0 8.0 0.0 28.0 9.0 3.0 2.0 0.0 0.0 1.0 3.0 0.0 1.0 0.0 0.0 0.0 2.0 0.0 0.0 0.0 0.0 0.0 0.0 9.0 0.0 0.0 0.0 0.0 0.0
4.0 2.0 6.0 31.0 4.0 9.0 5.0 0.0 2.0 2.0 4.0 85.0 29.0 19.0 8.0 1.0 0.0 16.0 14.0 2.0 1.0 11.0 15.0 1.0 5.0 0.0 0.0 1.0 1.0 0.0 1.0 0.0 0.0 0.0 0.0 1.0 0.0 0.0 0.0 0.0 0.0
17.0 5.0 20.0 23.0 1.0 28.0 2.0 0.0 8.0 15.0 8.0 29.0 158.0 45.0 40.0 6.0 5.0 30.0 16.0 4.0 5.0 7.0 29.0 0.0 15.0 0.0 0.0 1.0 0.0 0.0 0.0 0.0 0.0 0.0 0.0 2.0 0.0 0.0 0.0 0.0 0.0
14.0 16.0 2.0 15.0 1.0 40.0 3.0 0.0 0.0 47.0 8.0 19.0 45.0 117.0 38.0 47.0 0.0 46.0 27.0 9.0 11.0 13.0 44.0 2.0 13.0 1.0 0.0 3.0 0.0 0.0 0.0 0.0 0.0 0.0 0.0 2.0 0.0 0.0 0.0 0.0 0.0
0.0 5.0 0.0 8.0 0.0 30.0 2.0 1.0 1.0 0.0 0.0 8.0 40.0 38.0 46.0 5.0 0.0 26.0 12.0 4.0 5.0 3.0 25.0 0.0 12.0 0.0 0.0 0.0 0.0 0.0 0.0 0.0 0.0 0.0 0.0 1.0 0.0 0.0 0.0 0.0 0.0
17.0 28.0 2.0 1.0 1.0 21.0 1.0 0.0 0.0 60.0 28.0 1.0 6.0 47.0 5.0 85.0 1.0 28.0 21.0 16.0 3.0 3.0 27.0 2.0 4.0 1.0 0.0 5.0 0.0 1.0 0.0 0.0 0.0 0.0 0.0 1.0 0.0 0.0 0.0 0.0 0.0
11.0 2.0 6.0 6.0 13.0 6.0 12.0 0.0 2.0 5.0 9.0 0.0 5.0 0.0 0.0 1.0 66.0 4.0 3.0 0.0 0.0 2.0 3.0 0.0 0.0 0.0 0.0 1.0 0.0 2.0 1.0 0.0 0.0 2.0 0.0 0.0 0.0 0.0 0.0 0.0 0.0
5.0 18.0 0.0 23.0 1.0 223.0 3.0 2.0 2.0 19.0 3.0 16.0 30.0 46.0 26.0 28.0 4.0 701.0 341.0 175.0 237.0 36.0 661.0 143.0 16.0 14.0 6.0 95.0 1.0 9.0 0.0 2.0 0.0 0.0 1.0 1.0 0.0 3.0 0.0 1.0 0.0
4.0 11.0 0.0 11.0 1.0 129.0 2.0 1.0 2.0 14.0 2.0 14.0 16.0 27.0 12.0 21.0 3.0 341.0 343.0 57.0 92.0 14.0 336.0 40.0 9.0 13.0 6.0 54.0 0.0 4.0 0.0 2.0 0.0 0.0 1.0 1.0 0.0 3.0 0.0 1.0 0.0
5.0 16.0 0.0 1.0 0.0 33.0 0.0 0.0 0.0 4.0 0.0 2.0 4.0 9.0 4.0 16.0 0.0 175.0 57.0 209.0 148.0 4.0 172.0 143.0 3.0 1.0 1.0 2.0 2.0 5.0 4.0 1.0 0.0 0.0 1.0 0.0 0.0 0.0 0.0 0.0 0.0
1.0 1.0 0.0 39.0 1.0 33.0 0.0 1.0 0.0 3.0 0.0 1.0 5.0 11.0 5.0 3.0 0.0 237.0 92.0 148.0 271.0 9.0 237.0 143.0 39.0 3.0 1.0 27.0 0.0 7.0 0.0 2.0 0.0 0.0 1.0 0.0 0.0 2.0 0.0 0.0 0.0
2.0 2.0 7.0 38.0 1.0 16.0 1.0 0.0 1.0 3.0 1.0 11.0 7.0 13.0 3.0 3.0 2.0 36.0 14.0 4.0 9.0 103.0 32.0 1.0 7.0 1.0 0.0 1.0 0.0 0.0 0.0 0.0 0.0 0.0 0.0 1.0 1.0 0.0 0.0 1.0 0.0
5.0 16.0 0.0 21.0 1.0 210.0 3.0 2.0 2.0 16.0 3.0 15.0 29.0 44.0 25.0 27.0 3.0 661.0 336.0 172.0 237.0 32.0 661.0 143.0 15.0 14.0 6.0 94.0 0.0 8.0 0.0 2.0 0.0 0.0 1.0 1.0 0.0 3.0 0.0 1.0 0.0
0.0 1.0 0.0 0.0 0.0 9.0 0.0 0.0 0.0 1.0 0.0 1.0 0.0 2.0 0.0 2.0 0.0 143.0 40.0 143.0 143.0 1.0 143.0 143.0 0.0 1.0 1.0 1.0 0.0 0.0 0.0 0.0 0.0 0.0 0.0 0.0 0.0 0.0 0.0 0.0 0.0
2.0 2.0 1.0 42.0 2.0 48.0 22.0 0.0 0.0 2.0 1.0 5.0 15.0 13.0 12.0 4.0 0.0 16.0 9.0 3.0 39.0 7.0 15.0 0.0 144.0 5.0 0.0 0.0 5.0 1.0 0.0 0.0 0.0 0.0 0.0 1.0 0.0 0.0 0.0 0.0 0.0
0.0 0.0 0.0 2.0 0.0 34.0 2.0 0.0 0.0 1.0 0.0 0.0 0.0 1.0 0.0 1.0 0.0 14.0 13.0 1.0 3.0 1.0 14.0 1.0 5.0 38.0 14.0 1.0 0.0 0.0 0.0 0.0 0.0 0.0 0.0 0.0 0.0 0.0 0.0 0.0 0.0
0.0 0.0 0.0 0.0 0.0 14.0 0.0 0.0 0.0 0.0 0.0 0.0 0.0 0.0 0.0 0.0 0.0 6.0 6.0 1.0 1.0 0.0 6.0 1.0 0.0 14.0 14.0 0.0 0.0 0.0 0.0 0.0 0.0 0.0 0.0 0.0 0.0 0.0 0.0 0.0 0.0
13.0 13.0 0.0 0.0 0.0 13.0 0.0 0.0 1.0 4.0 0.0 1.0 1.0 3.0 0.0 5.0 1.0 95.0 54.0 2.0 27.0 1.0 94.0 1.0 0.0 1.0 0.0 202.0 20.0 12.0 6.0 2.0 4.0 0.0 6.0 1.0 1.0 5.0 3.0 1.0 0.0
19.0 9.0 0.0 0.0 1.0 2.0 2.0 0.0 8.0 0.0 2.0 1.0 0.0 0.0 0.0 0.0 0.0 1.0 0.0 2.0 0.0 0.0 0.0 0.0 5.0 0.0 0.0 20.0 233.0 8.0 13.0 10.0 34.0 2.0 5.0 2.0 11.0 1.0 2.0 3.0 0.0
7.0 1.0 4.0 1.0 1.0 1.0 1.0 0.0 2.0 0.0 0.0 0.0 0.0 0.0 0.0 1.0 2.0 9.0 4.0 5.0 7.0 0.0 8.0 0.0 1.0 0.0 0.0 12.0 8.0 110.0 9.0 6.0 4.0 1.0 10.0 0.0 3.0 5.0 11.0 2.0 1.0
2.0 2.0 0.0 0.0 0.0 0.0 0.0 0.0 1.0 0.0 0.0 1.0 0.0 0.0 0.0 0.0 1.0 0.0 0.0 4.0 0.0 0.0 0.0 0.0 0.0 0.0 0.0 6.0 13.0 9.0 92.0 4.0 5.0 2.0 2.0 0.0 2.0 3.0 2.0 2.0 0.0
2.0 1.0 0.0 0.0 0.0 0.0 0.0 0.0 0.0 1.0 0.0 0.0 0.0 0.0 0.0 0.0 0.0 2.0 2.0 1.0 2.0 0.0 2.0 0.0 0.0 0.0 0.0 2.0 10.0 6.0 4.0 104.0 5.0 1.0 0.0 1.0 6.0 3.0 5.0 1.0 1.0
2.0 0.0 0.0 0.0 0.0 0.0 0.0 0.0 1.0 0.0 0.0 0.0 0.0 0.0 0.0 0.0 0.0 0.0 0.0 0.0 0.0 0.0 0.0 0.0 0.0 0.0 0.0 4.0 34.0 4.0 5.0 5.0 36.0 0.0 3.0 0.0 0.0 0.0 0.0 1.0 0.0
0.0 1.0 0.0 0.0 0.0 0.0 0.0 0.0 0.0 0.0 0.0 0.0 0.0 0.0 0.0 0.0 2.0 0.0 0.0 0.0 0.0 0.0 0.0 0.0 0.0 0.0 0.0 0.0 2.0 1.0 2.0 1.0 0.0 6.0 0.0 0.0 1.0 1.0 1.0 0.0 0.0
2.0 9.0 0.0 0.0 0.0 0.0 0.0 0.0 0.0 0.0 0.0 0.0 0.0 0.0 0.0 0.0 0.0 1.0 1.0 1.0 1.0 0.0 1.0 0.0 0.0 0.0 0.0 6.0 5.0 10.0 2.0 0.0 3.0 0.0 59.0 0.0 1.0 4.0 10.0 1.0 0.0
0.0 0.0 0.0 1.0 0.0 1.0 0.0 0.0 0.0 3.0 9.0 1.0 2.0 2.0 1.0 1.0 0.0 1.0 1.0 0.0 0.0 1.0 1.0 0.0 1.0 0.0 0.0 1.0 2.0 0.0 0.0 1.0 0.0 0.0 0.0 20.0 1.0 0.0 0.0 1.0 1.0
0.0 1.0 0.0 1.0 2.0 1.0 1.0 0.0 4.0 0.0 0.0 0.0 0.0 0.0 0.0 0.0 0.0 0.0 0.0 0.0 0.0 1.0 0.0 0.0 0.0 0.0 0.0 1.0 11.0 3.0 2.0 6.0 0.0 1.0 1.0 1.0 83.0 6.0 11.0 18.0 14.0
0.0 2.0 0.0 0.0 0.0 0.0 0.0 0.0 0.0 0.0 0.0 0.0 0.0 0.0 0.0 0.0 0.0 3.0 3.0 0.0 2.0 0.0 3.0 0.0 0.0 0.0 0.0 5.0 1.0 5.0 3.0 3.0 0.0 1.0 4.0 0.0 6.0 111.0 4.0 1.0 1.0
1.0 2.0 1.0 0.0 0.0 1.0 0.0 0.0 2.0 0.0 0.0 0.0 0.0 0.0 0.0 0.0 0.0 0.0 0.0 0.0 0.0 0.0 0.0 0.0 0.0 0.0 0.0 3.0 2.0 11.0 2.0 5.0 0.0 1.0 10.0 0.0 11.0 4.0 83.0 2.0 10.0
0.0 0.0 0.0 2.0 0.0 0.0 0.0 0.0 36.0 1.0 0.0 0.0 0.0 0.0 0.0 0.0 0.0 1.0 1.0 0.0 0.0 1.0 1.0 0.0 0.0 0.0 0.0 1.0 3.0 2.0 2.0 1.0 1.0 0.0 1.0 1.0 18.0 1.0 2.0 68.0 13.0
0.0 0.0 0.0 0.0 0.0 0.0 0.0 0.0 1.0 0.0 0.0 0.0 0.0 0.0 0.0 0.0 0.0 0.0 0.0 0.0 0.0 0.0 0.0 0.0 0.0 0.0 0.0 0.0 0.0 1.0 0.0 1.0 0.0 0.0 0.0 1.0 14.0 1.0 10.0 13.0 25.0
