116.0 21.0 13.0 1.0 2.0 4.0 5.0 0.0 3.0 6.0 8.0 0.0 1.0 1.0 0.0 2.0 2.0 6.0 3.0 7.0 0.0 0.0 4.0 0.0 2.0 1.0 0.0 1.0 11.0 0.0 1.0 2.0 0.0 0.0 1.0 0.0 1.0 0.0 0.0 1.0 0.0
21.0 289.0 11.0 3.0 7.0 13.0 6.0 0.0 3.0 40.0 20.0 6.0 3.0 13.0 3.0 23.0 7.0 20.0 8.0 9.0 3.0 0.0 10.0 0.0 11.0 0.0 0.0 13.0 12.0 0.0 4.0 3.0 2.0 0.0 4.0 0.0 1.0 7.0 4.0 7.0 1.0
13.0 11.0 172.0 29.0 3.0 5.0 2.0 0.0 1.0 20.0 7.0 6.0 13.0 6.0 2.0 4.0 0.0 8.0 5.0 0.0 3.0 1.0 3.0 0.0 0.0 0.0 0.0 2.0 0.0 0.0 0.0 0.0 0.0 0.0 0.0 0.0 0.0 0.0 1.0 0.0 0.0
1.0 3.0 29.0 275.0 3.0 20.0 11.0 0.0 4.0 25.0 9.0 48.0 37.0 5.0 8.0 0.0 2.0 16.0 3.0 1.0 4.0 30.0 2.0 0.0 9.0 2.0 1.0 1.0 1.0 0.0 1.0 0.0 0.0 0.0 0.0 0.0 0.0 0.0 0.0 3.0 0.0
2.0 7.0 3.0 3.0 94.0 21.0 31.0 0.0 8.0 0.0 2.0 2.0 1.0 0.0 2.0 4.0 6.0 0.0 0.0 0.0 0.0 0.0 0.0 0.0 9.0 0.0 0.0 0.0 2.0 0.0 2.0 0.0 0.0 0.0 0.0 0.0 4.0 0.0 0.0 0.0 0.0
4.0 13.0 5.0 20.0 21.0 389.0 34.0 1.0 1.0 9.0 2.0 9.0 5.0 13.0 22.0 5.0 0.0 104.0 16.0 13.0 1.0 17.0 25.0 0.0 36.0 5.0 1.0 1.0 0.0 0.0 2.0 0.0 0.0 0.0 0.0 0.0 3.0 0.0 0.0 0.0 0.0
5.0 6.0 2.0 11.0 31.0 34.0 127.0 1.0 9.0 2.0 4.0 7.0 7.0 0.0 5.0 2.0 7.0 2.0 1.0 5.0 0.0 2.0 0.0 0.0 17.0 0.0 1.0 0.0 4.0 2.0 7.0 0.0 1.0 0.0 1.0 0.0 4.0 0.0 0.0 1.0 0.0
0.0 0.0 0.0 0.0 0.0 1.0 1.0 4.0 0.0 0.0 0.0 1.0 0.0 0.0 1.0 0.0 2.0 0.0 0.0 0.0 0.0 0.0 1.0 0.0 1.0 0.0 1.0 0.0 0.0 1.0 0.0 0.0 0.0 0.0 1.0 1.0 0.0 0.0 0.0 0.0 1.0
3.0 3.0 1.0 4.0 8.0 1.0 9.0 0.0 163.0 7.0 12.0 7.0 15.0 0.0 6.0 6.0 10.0 1.0 0.0 1.0 0.0 0.0 1.0 0.0 0.0 0.0 0.0 1.0 4.0 0.0 6.0 0.0 3.0 3.0 2.0 2.0 3.0 0.0 1.0 14.0 0.0
6.0 40.0 20.0 25.0 0.0 9.0 2.0 0.0 7.0 274.0 20.0 10.0 23.0 23.0 6.0 22.0 5.0 20.0 8.0 2.0 1.0 5.0 12.0 0.0 7.0 0.0 0.0 3.0 3.0 0.0 0.0 1.0 0.0 0.0 0.0 0.0 1.0 0.0 0.0 2.0 0.0
8.0 20.0 7.0 9.0 2.0 2.0 4.0 0.0 12.0 20.0 191.0 11.0 27.0 6.0 1.0 6.0 10.0 5.0 3.0 0.0 2.0 2.0 4.0 0.0 6.0 2.0 0.0 0.0 3.0 0.0 1.0 0.0 0.0 0.0 0.0 0.0 0.0 0.0 0.0 0.0 1.0
0.0 6.0 6.0 48.0 2.0 9.0 7.0 1.0 7.0 10.0 11.0 156.0 30.0 7.0 19.0 1.0 4.0 10.0 0.0 0.0 0.0 2.0 0.0 0.0 10.0 0.0 3.0 0.0 3.0 1.0 1.0 0.0 0.0 0.0 1.0 0.0 0.0 0.0 0.0 1.0 0.0
1.0 3.0 13.0 37.0 1.0 5.0 7.0 0.0 15.0 23.0 27.0 30.0 163.0 10.0 5.0 1.0 8.0 11.0 3.0 0.0 0.0 4.0 0.0 0.0 2.0 0.0 0.0 0.0 3.0 0.0 1.0 1.0 0.0 0.0 0.0 0.0 1.0 0.0 0.0 1.0 0.0
1.0 13.0 6.0 5.0 0.0 13.0 0.0 0.0 0.0 23.0 6.0 7.0 10.0 125.0 6.0 8.0 4.0 36.0 11.0 3.0 8.0 11.0 18.0 0.0 2.0 0.0 0.0 4.0 1.0 0.0 0.0 0.0 0.0 0.0 0.0 0.0 0.0 0.0 0.0 0.0 0.0
0.0 3.0 2.0 8.0 2.0 22.0 5.0 1.0 6.0 6.0 1.0 19.0 5.0 6.0 89.0 2.0 5.0 8.0 1.0 1.0 0.0 4.0 2.0 0.0 18.0 1.0 1.0 0.0 2.0 1.0 3.0 0.0 2.0 1.0 1.0 0.0 0.0 0.0 0.0 1.0 0.0
2.0 23.0 4.0 0.0 4.0 5.0 2.0 0.0 6.0 22.0 6.0 1.0 1.0 8.0 2.0 95.0 5.0 10.0 2.0 1.0 2.0 1.0 5.0 0.0 5.0 0.0 2.0 1.0 3.0 0.0 0.0 1.0 0.0 0.0 0.0 0.0 0.0 0.0 0.0 0.0 1.0
2.0 7.0 0.0 2.0 6.0 0.0 7.0 2.0 10.0 5.0 10.0 4.0 8.0 4.0 5.0 5.0 71.0 0.0 0.0 2.0 2.0 0.0 2.0 1.0 5.0 0.0 1.0 2.0 4.0 1.0 0.0 2.0 0.0 1.0 1.0 1.0 1.0 0.0 0.0 1.0 1.0
6.0 20.0 8.0 16.0 0.0 104.0 2.0 0.0 1.0 20.0 5.0 10.0 11.0 36.0 8.0 10.0 0.0 662.0 101.0 23.0 21.0 44.0 95.0 0.0 4.0 9.0 0.0 22.0 2.0 0.0 0.0 0.0 0.0 0.0 0.0 0.0 0.0 1.0 0.0 0.0 0.0
3.0 8.0 5.0 3.0 0.0 16.0 1.0 0.0 0.0 8.0 3.0 0.0 3.0 11.0 1.0 2.0 0.0 101.0 273.0 21.0 22.0 19.0 67.0 2.0 0.0 7.0 0.0 4.0 0.0 0.0 1.0 0.0 0.0 0.0 0.0 0.0 0.0 1.0 2.0 0.0 0.0
7.0 9.0 0.0 1.0 0.0 13.0 5.0 0.0 1.0 2.0 0.0 0.0 0.0 3.0 1.0 1.0 2.0 23.0 21.0 177.0 12.0 9.0 10.0 0.0 2.0 4.0 0.0 8.0 5.0 4.0 15.0 4.0 0.0 0.0 0.0 1.0 2.0 3.0 4.0 2.0 0.0
0.0 3.0 3.0 4.0 0.0 1.0 0.0 0.0 0.0 1.0 2.0 0.0 0.0 8.0 0.0 2.0 2.0 21.0 22.0 12.0 110.0 3.0 15.0 0.0 4.0 0.0 1.0 5.0 1.0 2.0 0.0 0.0 0.0 0.0 2.0 0.0 0.0 1.0 0.0 1.0 0.0
0.0 0.0 1.0 30.0 0.0 17.0 2.0 0.0 0.0 5.0 2.0 2.0 4.0 11.0 4.0 1.0 0.0 44.0 19.0 9.0 3.0 142.0 24.0 0.0 4.0 5.0 0.0 2.0 1.0 0.0 0.0 0.0 0.0 0.0 0.0 0.0 0.0 0.0 0.0 0.0 0.0
4.0 10.0 3.0 2.0 0.0 25.0 0.0 1.0 1.0 12.0 4.0 0.0 0.0 18.0 2.0 5.0 2.0 95.0 67.0 10.0 15.0 24.0 261.0 1.0 1.0 4.0 0.0 5.0 1.0 0.0 1.0 0.0 0.0 0.0 0.0 1.0 0.0 0.0 1.0 0.0 1.0
0.0 0.0 0.0 0.0 0.0 0.0 0.0 0.0 0.0 0.0 0.0 0.0 0.0 0.0 0.0 0.0 1.0 0.0 2.0 0.0 0.0 0.0 1.0 8.0 0.0 0.0 0.0 0.0 0.0 0.0 0.0 0.0 0.0 0.0 0.0 0.0 0.0 0.0 0.0 0.0 0.0
2.0 11.0 0.0 9.0 9.0 36.0 17.0 1.0 0.0 7.0 6.0 10.0 2.0 2.0 18.0 5.0 5.0 4.0 0.0 2.0 4.0 4.0 1.0 0.0 160.0 8.0 2.0 0.0 5.0 2.0 2.0 2.0 1.0 0.0 1.0 0.0 1.0 0.0 0.0 0.0 1.0
1.0 0.0 0.0 2.0 0.0 5.0 0.0 0.0 0.0 0.0 2.0 0.0 0.0 0.0 1.0 0.0 0.0 9.0 7.0 4.0 0.0 5.0 4.0 0.0 8.0 40.0 0.0 0.0 0.0 0.0 0.0 1.0 0.0 0.0 0.0 0.0 0.0 0.0 0.0 0.0 0.0
0.0 0.0 0.0 1.0 0.0 1.0 1.0 1.0 0.0 0.0 0.0 3.0 0.0 0.0 1.0 2.0 1.0 0.0 0.0 0.0 1.0 0.0 0.0 0.0 2.0 0.0 11.0 0.0 0.0 1.0 0.0 0.0 0.0 0.0 1.0 0.0 0.0 0.0 0.0 0.0 1.0
1.0 13.0 2.0 1.0 0.0 1.0 0.0 0.0 1.0 3.0 0.0 0.0 0.0 4.0 0.0 1.0 2.0 22.0 4.0 8.0 5.0 2.0 5.0 0.0 0.0 0.0 0.0 191.0 15.0 17.0 16.0 6.0 4.0 0.0 9.0 1.0 1.0 6.0 2.0 2.0 0.0
11.0 12.0 0.0 1.0 2.0 0.0 4.0 0.0 4.0 3.0 3.0 3.0 3.0 1.0 2.0 3.0 4.0 2.0 0.0 5.0 1.0 1.0 1.0 0.0 5.0 0.0 0.0 15.0 250.0 4.0 18.0 16.0 14.0 5.0 6.0 0.0 4.0 2.0 3.0 1.0 0.0
0.0 0.0 0.0 0.0 0.0 0.0 2.0 1.0 0.0 0.0 0.0 1.0 0.0 0.0 1.0 0.0 1.0 0.0 0.0 4.0 2.0 0.0 0.0 0.0 2.0 0.0 1.0 17.0 4.0 105.0 7.0 2.0 5.0 1.0 5.0 1.0 2.0 4.0 4.0 2.0 0.0
1.0 4.0 0.0 1.0 2.0 2.0 7.0 0.0 6.0 0.0 1.0 1.0 1.0 0.0 3.0 0.0 0.0 0.0 1.0 15.0 0.0 0.0 1.0 0.0 2.0 0.0 0.0 16.0 18.0 7.0 169.0 14.0 34.0 10.0 11.0 1.0 6.0 7.0 9.0 10.0 1.0
2.0 3.0 0.0 0.0 0.0 0.0 0.0 0.0 0.0 1.0 0.0 0.0 1.0 0.0 0.0 1.0 2.0 0.0 0.0 4.0 0.0 0.0 0.0 0.0 2.0 1.0 0.0 6.0 16.0 2.0 14.0 147.0 14.0 5.0 5.0 0.0 7.0 6.0 8.0 2.0 0.0
0.0 2.0 0.0 0.0 0.0 0.0 1.0 0.0 3.0 0.0 0.0 0.0 0.0 0.0 2.0 0.0 0.0 0.0 0.0 0.0 0.0 0.0 0.0 0.0 1.0 0.0 0.0 4.0 14.0 5.0 34.0 14.0 110.0 6.0 11.0 0.0 2.0 3.0 1.0 3.0 1.0
0.0 0.0 0.0 0.0 0.0 0.0 0.0 0.0 3.0 0.0 0.0 0.0 0.0 0.0 1.0 0.0 1.0 0.0 0.0 0.0 0.0 0.0 0.0 0.0 0.0 0.0 0.0 0.0 5.0 1.0 10.0 5.0 6.0 29.0 2.0 0.0 0.0 0.0 1.0 2.0 0.0
1.0 4.0 0.0 0.0 0.0 0.0 1.0 1.0 2.0 0.0 0.0 1.0 0.0 0.0 1.0 0.0 1.0 0.0 0.0 0.0 2.0 0.0 0.0 0.0 1.0 0.0 1.0 9.0 6.0 5.0 11.0 5.0 11.0 2.0 87.0 0.0 2.0 8.0 3.0 8.0 0.0
0.0 0.0 0.0 0.0 0.0 0.0 0.0 1.0 2.0 0.0 0.0 0.0 0.0 0.0 0.0 0.0 1.0 0.0 0.0 1.0 0.0 0.0 1.0 0.0 0.0 0.0 0.0 1.0 0.0 1.0 1.0 0.0 0.0 0.0 0.0 10.0 0.0 0.0 2.0 2.0 1.0
1.0 1.0 0.0 0.0 4.0 3.0 4.0 0.0 3.0 1.0 0.0 0.0 1.0 0.0 0.0 0.0 1.0 0.0 0.0 2.0 0.0 0.0 0.0 0.0 1.0 0.0 0.0 1.0 4.0 2.0 6.0 7.0 2.0 0.0 2.0 0.0 98.0 24.0 16.0 12.0 3.0
0.0 7.0 0.0 0.0 0.0 0.0 0.0 0.0 0.0 0.0 0.0 0.0 0.0 0.0 0.0 0.0 0.0 1.0 1.0 3.0 1.0 0.0 0.0 0.0 0.0 0.0 0.0 6.0 2.0 4.0 7.0 6.0 3.0 0.0 8.0 0.0 24.0 162.0 19.0 7.0 0.0
0.0 4.0 1.0 0.0 0.0 0.0 0.0 0.0 1.0 0.0 0.0 0.0 0.0 0.0 0.0 0.0 0.0 0.0 2.0 4.0 0.0 0.0 1.0 0.0 0.0 0.0 0.0 2.0 3.0 4.0 9.0 8.0 1.0 1.0 3.0 2.0 16.0 19.0 124.0 7.0 0.0
1.0 7.0 0.0 3.0 0.0 0.0 1.0 0.0 14.0 2.0 0.0 1.0 1.0 0.0 1.0 0.0 1.0 0.0 0.0 2.0 1.0 0.0 0.0 0.0 0.0 0.0 0.0 2.0 1.0 2.0 10.0 2.0 3.0 2.0 8.0 2.0 12.0 7.0 7.0 114.0 2.0
0.0 1.0 0.0 0.0 0.0 0.0 0.0 1.0 0.0 0.0 1.0 0.0 0.0 0.0 0.0 1.0 1.0 0.0 0.0 0.0 0.0 0.0 1.0 0.0 1.0 0.0 1.0 0.0 0.0 0.0 1.0 0.0 1.0 0.0 0.0 1.0 3.0 0.0 0.0 2.0 11.0
