89.0 18.0 22.0 2.0 2.0 2.0 2.0 0.0 3.0 9.0 4.0 0.0 1.0 0.0 1.0 7.0 1.0 7.0 0.0 3.0 0.0 1.0 3.0 0.0 0.0 0.0 0.0 1.0 7.0 1.0 0.0 0.0 0.0 0.0 0.0 0.0 1.0 1.0 1.0 0.0 0.0
18.0 172.0 4.0 1.0 1.0 8.0 4.0 1.0 6.0 22.0 9.0 0.0 0.0 7.0 0.0 5.0 2.0 11.0 10.0 7.0 5.0 2.0 6.0 0.0 3.0 0.0 0.0 5.0 11.0 4.0 1.0 1.0 0.0 1.0 0.0 0.0 4.0 3.0 0.0 3.0 0.0
22.0 4.0 123.0 26.0 1.0 6.0 1.0 0.0 0.0 17.0 8.0 2.0 8.0 0.0 1.0 6.0 0.0 9.0 2.0 0.0 0.0 1.0 3.0 0.0 0.0 0.0 0.0 0.0 1.0 0.0 0.0 0.0 0.0 0.0 0.0 0.0 0.0 0.0 0.0 0.0 0.0
2.0 1.0 26.0 142.0 1.0 14.0 7.0 0.0 0.0 15.0 12.0 32.0 28.0 2.0 6.0 2.0 0.0 6.0 1.0 0.0 0.0 5.0 3.0 0.0 4.0 0.0 0.0 0.0 0.0 0.0 0.0 0.0 0.0 0.0 0.0 0.0 0.0 0.0 0.0 0.0 0.0
2.0 1.0 1.0 1.0 39.0 10.0 12.0 0.0 7.0 3.0 4.0 1.0 0.0 0.0 1.0 1.0 2.0 1.0 0.0 0.0 0.0 0.0 0.0 0.0 3.0 0.0 0.0 0.0 0.0 0.0 0.0 2.0 0.0 0.0 0.0 0.0 3.0 0.0 0.0 0.0 0.0
2.0 8.0 6.0 14.0 10.0 223.0 28.0 2.0 2.0 6.0 4.0 8.0 3.0 14.0 19.0 3.0 1.0 67.0 14.0 7.0 2.0 7.0 19.0 0.0 13.0 3.0 0.0 3.0 1.0 1.0 2.0 1.0 0.0 0.0 2.0 0.0 5.0 0.0 5.0 1.0 0.0
2.0 4.0 1.0 7.0 12.0 28.0 72.0 2.0 3.0 4.0 1.0 6.0 4.0 0.0 7.0 1.0 3.0 3.0 3.0 6.0 1.0 0.0 2.0 0.0 11.0 1.0 0.0 0.0 3.0 1.0 4.0 1.0 0.0 3.0 1.0 0.0 1.0 0.0 0.0 0.0 0.0
0.0 1.0 0.0 0.0 0.0 2.0 2.0 4.0 0.0 0.0 0.0 0.0 0.0 0.0 0.0 1.0 1.0 0.0 0.0 0.0 0.0 0.0 0.0 0.0 0.0 0.0 0.0 0.0 0.0 1.0 0.0 0.0 0.0 0.0 1.0 0.0 0.0 0.0 0.0 0.0 0.0
3.0 6.0 0.0 0.0 7.0 2.0 3.0 0.0 110.0 8.0 12.0 3.0 16.0 0.0 1.0 1.0 10.0 1.0 0.0 0.0 1.0 0.0 0.0 0.0 3.0 0.0 0.0 2.0 5.0 0.0 11.0 2.0 6.0 10.0 0.0 0.0 6.0 0.0 0.0 7.0 0.0
9.0 22.0 17.0 15.0 3.0 6.0 4.0 0.0 8.0 176.0 18.0 7.0 17.0 11.0 5.0 16.0 2.0 14.0 6.0 0.0 4.0 2.0 5.0 0.0 3.0 1.0 1.0 2.0 3.0 0.0 2.0 0.0 0.0 0.0 1.0 0.0 0.0 1.0 0.0 0.0 0.0
4.0 9.0 8.0 12.0 4.0 4.0 1.0 0.0 12.0 18.0 119.0 11.0 20.0 6.0 1.0 2.0 3.0 5.0 2.0 0.0 2.0 1.0 1.0 0.0 2.0 0.0 0.0 0.0 3.0 0.0 1.0 0.0 0.0 0.0 0.0 0.0 1.0 0.0 0.0 0.0 0.0
0.0 0.0 2.0 32.0 1.0 8.0 6.0 0.0 3.0 7.0 11.0 120.0 29.0 5.0 19.0 1.0 1.0 5.0 3.0 0.0 0.0 1.0 4.0 0.0 5.0 0.0 0.0 0.0 0.0 0.0 0.0 0.0 0.0 0.0 0.0 0.0 0.0 0.0 0.0 0.0 0.0
1.0 0.0 8.0 28.0 0.0 3.0 4.0 0.0 16.0 17.0 20.0 29.0 117.0 6.0 2.0 1.0 2.0 5.0 2.0 0.0 0.0 3.0 1.0 0.0 2.0 0.0 0.0 0.0 0.0 0.0 0.0 0.0 0.0 0.0 0.0 0.0 1.0 0.0 0.0 0.0 0.0
0.0 7.0 0.0 2.0 0.0 14.0 0.0 0.0 0.0 11.0 6.0 5.0 6.0 56.0 6.0 1.0 0.0 23.0 7.0 0.0 4.0 4.0 7.0 0.0 1.0 1.0 0.0 0.0 0.0 0.0 0.0 0.0 0.0 0.0 0.0 0.0 0.0 0.0 0.0 0.0 0.0
1.0 0.0 1.0 6.0 1.0 19.0 7.0 0.0 1.0 5.0 1.0 19.0 2.0 6.0 55.0 1.0 1.0 4.0 0.0 0.0 0.0 0.0 1.0 0.0 4.0 1.0 0.0 0.0 0.0 1.0 2.0 1.0 0.0 0.0 0.0 0.0 0.0 0.0 3.0 0.0 0.0
7.0 5.0 6.0 2.0 1.0 3.0 1.0 1.0 1.0 16.0 2.0 1.0 1.0 1.0 1.0 50.0 1.0 3.0 5.0 2.0 3.0 0.0 2.0 0.0 0.0 0.0 0.0 1.0 0.0 1.0 2.0 1.0 0.0 0.0 2.0 0.0 0.0 0.0 1.0 0.0 0.0
1.0 2.0 0.0 0.0 2.0 1.0 3.0 1.0 10.0 2.0 3.0 1.0 2.0 0.0 1.0 1.0 26.0 0.0 0.0 1.0 1.0 0.0 0.0 0.0 1.0 0.0 0.0 3.0 1.0 1.0 1.0 0.0 1.0 1.0 0.0 0.0 2.0 0.0 0.0 0.0 0.0
7.0 11.0 9.0 6.0 1.0 67.0 3.0 0.0 1.0 14.0 5.0 5.0 5.0 23.0 4.0 3.0 0.0 381.0 53.0 14.0 15.0 18.0 74.0 0.0 2.0 2.0 0.0 8.0 1.0 2.0 1.0 2.0 0.0 0.0 1.0 0.0 1.0 0.0 1.0 0.0 0.0
0.0 10.0 2.0 1.0 0.0 14.0 3.0 0.0 0.0 6.0 2.0 3.0 2.0 7.0 0.0 5.0 0.0 53.0 162.0 21.0 24.0 16.0 41.0 0.0 0.0 0.0 0.0 6.0 1.0 1.0 1.0 1.0 0.0 0.0 1.0 0.0 0.0 0.0 2.0 0.0 0.0
3.0 7.0 0.0 0.0 0.0 7.0 6.0 0.0 0.0 0.0 0.0 0.0 0.0 0.0 0.0 2.0 1.0 14.0 21.0 104.0 11.0 10.0 17.0 0.0 1.0 0.0 0.0 6.0 8.0 4.0 6.0 7.0 1.0 0.0 2.0 0.0 1.0 0.0 5.0 1.0 0.0
0.0 5.0 0.0 0.0 0.0 2.0 1.0 0.0 1.0 4.0 2.0 0.0 0.0 4.0 0.0 3.0 1.0 15.0 24.0 11.0 88.0 0.0 22.0 0.0 1.0 0.0 0.0 8.0 0.0 1.0 2.0 1.0 1.0 1.0 1.0 0.0 0.0 1.0 1.0 0.0 0.0
1.0 2.0 1.0 5.0 0.0 7.0 0.0 0.0 0.0 2.0 1.0 1.0 3.0 4.0 0.0 0.0 0.0 18.0 16.0 10.0 0.0 76.0 19.0 0.0 1.0 2.0 0.0 0.0 1.0 0.0 0.0 0.0 0.0 0.0 0.0 0.0 0.0 0.0 0.0 0.0 0.0
3.0 6.0 3.0 3.0 0.0 19.0 2.0 0.0 0.0 5.0 1.0 4.0 1.0 7.0 1.0 2.0 0.0 74.0 41.0 17.0 22.0 19.0 180.0 0.0 0.0 0.0 0.0 9.0 0.0 1.0 0.0 1.0 0.0 0.0 1.0 0.0 0.0 0.0 1.0 0.0 0.0
0.0 0.0 0.0 0.0 0.0 0.0 0.0 0.0 0.0 0.0 0.0 0.0 0.0 0.0 0.0 0.0 0.0 0.0 0.0 0.0 0.0 0.0 0.0 2.0 0.0 0.0 0.0 0.0 0.0 0.0 0.0 0.0 0.0 0.0 0.0 0.0 0.0 0.0 0.0 0.0 0.0
0.0 3.0 0.0 4.0 3.0 13.0 11.0 0.0 3.0 3.0 2.0 5.0 2.0 1.0 4.0 0.0 1.0 2.0 0.0 1.0 1.0 1.0 0.0 0.0 79.0 4.0 2.0 0.0 4.0 0.0 1.0 1.0 1.0 2.0 0.0 0.0 1.0 0.0 0.0 0.0 0.0
0.0 0.0 0.0 0.0 0.0 3.0 1.0 0.0 0.0 1.0 0.0 0.0 0.0 1.0 1.0 0.0 0.0 2.0 0.0 0.0 0.0 2.0 0.0 0.0 4.0 16.0 1.0 0.0 0.0 0.0 0.0 0.0 0.0 0.0 0.0 0.0 0.0 0.0 0.0 0.0 0.0
0.0 0.0 0.0 0.0 0.0 0.0 0.0 0.0 0.0 1.0 0.0 0.0 0.0 0.0 0.0 0.0 0.0 0.0 0.0 0.0 0.0 0.0 0.0 0.0 2.0 1.0 6.0 0.0 0.0 0.0 0.0 0.0 0.0 0.0 0.0 0.0 0.0 0.0 0.0 0.0 0.0
1.0 5.0 0.0 0.0 0.0 3.0 0.0 0.0 2.0 2.0 0.0 0.0 0.0 0.0 0.0 1.0 3.0 8.0 6.0 6.0 8.0 0.0 9.0 0.0 0.0 0.0 0.0 100.0 9.0 6.0 5.0 5.0 2.0 0.0 5.0 0.0 0.0 3.0 3.0 2.0 0.0
7.0 11.0 1.0 0.0 0.0 1.0 3.0 0.0 5.0 3.0 3.0 0.0 0.0 0.0 0.0 0.0 1.0 1.0 1.0 8.0 0.0 1.0 0.0 0.0 4.0 0.0 0.0 9.0 134.0 2.0 10.0 7.0 3.0 5.0 3.0 0.0 1.0 2.0 3.0 2.0 0.0
1.0 4.0 0.0 0.0 0.0 1.0 1.0 1.0 0.0 0.0 0.0 0.0 0.0 0.0 1.0 1.0 1.0 2.0 1.0 4.0 1.0 0.0 1.0 0.0 0.0 0.0 0.0 6.0 2.0 67.0 11.0 3.0 2.0 2.0 3.0 1.0 2.0 9.0 3.0 3.0 0.0
0.0 1.0 0.0 0.0 0.0 2.0 4.0 0.0 11.0 2.0 1.0 0.0 0.0 0.0 2.0 2.0 1.0 1.0 1.0 6.0 2.0 0.0 0.0 0.0 1.0 0.0 0.0 5.0 10.0 11.0 92.0 7.0 15.0 11.0 3.0 1.0 4.0 4.0 5.0 8.0 0.0
0.0 1.0 0.0 0.0 2.0 1.0 1.0 0.0 2.0 0.0 0.0 0.0 0.0 0.0 1.0 1.0 0.0 2.0 1.0 7.0 1.0 0.0 1.0 0.0 1.0 0.0 0.0 5.0 7.0 3.0 7.0 79.0 9.0 4.0 3.0 0.0 3.0 1.0 8.0 1.0 0.0
0.0 0.0 0.0 0.0 0.0 0.0 0.0 0.0 6.0 0.0 0.0 0.0 0.0 0.0 0.0 0.0 1.0 0.0 0.0 1.0 1.0 0.0 0.0 0.0 1.0 0.0 0.0 2.0 3.0 2.0 15.0 9.0 53.0 5.0 4.0 0.0 4.0 1.0 3.0 2.0 0.0
0.0 1.0 0.0 0.0 0.0 0.0 3.0 0.0 10.0 0.0 0.0 0.0 0.0 0.0 0.0 0.0 1.0 0.0 0.0 0.0 1.0 0.0 0.0 0.0 2.0 0.0 0.0 0.0 5.0 2.0 11.0 4.0 5.0 24.0 1.0 0.0 3.0 1.0 0.0 0.0 0.0
0.0 0.0 0.0 0.0 0.0 2.0 1.0 1.0 0.0 1.0 0.0 0.0 0.0 0.0 0.0 2.0 0.0 1.0 1.0 2.0 1.0 0.0 1.0 0.0 0.0 0.0 0.0 5.0 3.0 3.0 3.0 3.0 4.0 1.0 38.0 0.0 1.0 11.0 2.0 2.0 1.0
0.0 0.0 0.0 0.0 0.0 0.0 0.0 0.0 0.0 0.0 0.0 0.0 0.0 0.0 0.0 0.0 0.0 0.0 0.0 0.0 0.0 0.0 0.0 0.0 0.0 0.0 0.0 0.0 0.0 1.0 1.0 0.0 0.0 0.0 0.0 6.0 0.0 1.0 0.0 0.0 0.0
1.0 4.0 0.0 0.0 3.0 5.0 1.0 0.0 6.0 0.0 1.0 0.0 1.0 0.0 0.0 0.0 2.0 1.0 0.0 1.0 0.0 0.0 0.0 0.0 1.0 0.0 0.0 0.0 1.0 2.0 4.0 3.0 4.0 3.0 1.0 0.0 65.0 14.0 12.0 11.0 2.0
1.0 3.0 0.0 0.0 0.0 0.0 0.0 0.0 0.0 1.0 0.0 0.0 0.0 0.0 0.0 0.0 0.0 0.0 0.0 0.0 1.0 0.0 0.0 0.0 0.0 0.0 0.0 3.0 2.0 9.0 4.0 1.0 1.0 1.0 11.0 1.0 14.0 87.0 15.0 7.0 2.0
1.0 0.0 0.0 0.0 0.0 5.0 0.0 0.0 0.0 0.0 0.0 0.0 0.0 0.0 3.0 1.0 0.0 1.0 2.0 5.0 1.0 0.0 1.0 0.0 0.0 0.0 0.0 3.0 3.0 3.0 5.0 8.0 3.0 0.0 2.0 0.0 12.0 15.0 62.0 5.0 1.0
0.0 3.0 0.0 0.0 0.0 1.0 0.0 0.0 7.0 0.0 0.0 0.0 0.0 0.0 0.0 0.0 0.0 0.0 0.0 1.0 0.0 0.0 0.0 0.0 0.0 0.0 0.0 2.0 2.0 3.0 8.0 1.0 2.0 0.0 2.0 0.0 11.0 7.0 5.0 49.0 1.0
0.0 0.0 0.0 0.0 0.0 0.0 0.0 0.0 0.0 0.0 0.0 0.0 0.0 0.0 0.0 0.0 0.0 0.0 0.0 0.0 0.0 0.0 0.0 0.0 0.0 0.0 0.0 0.0 0.0 0.0 0.0 0.0 0.0 0.0 1.0 0.0 2.0 2.0 1.0 1.0 2.0
