219.0 83.0 38.0 5.0 9.0 12.0 9.0 1.0 3.0 19.0 10.0 2.0 5.0 4.0 0.0 12.0 5.0 12.0 11.0 5.0 2.0 1.0 12.0 1.0 2.0 0.0 0.0 9.0 8.0 9.0 2.0 1.0 1.0 1.0 1.0 0.0 2.0 0.0 1.0 1.0 1.0 0.0
83.0 131.0 6.0 3.0 6.0 36.0 7.0 1.0 2.0 13.0 8.0 2.0 7.0 12.0 7.0 38.0 2.0 36.0 27.0 27.0 1.0 2.0 36.0 1.0 3.0 0.0 0.0 20.0 4.0 2.0 1.0 1.0 0.0 0.0 1.0 0.0 1.0 5.0 0.0 2.0 1.0 0.0
38.0 6.0 135.0 31.0 7.0 13.0 3.0 2.0 1.0 9.0 3.0 4.0 10.0 6.0 2.0 6.0 1.0 16.0 15.0 0.0 5.0 12.0 16.0 0.0 0.0 1.0 0.0 1.0 0.0 7.0 0.0 0.0 0.0 0.0 1.0 0.0 0.0 0.0 1.0 0.0 0.0 0.0
5.0 3.0 31.0 234.0 8.0 48.0 17.0 1.0 0.0 5.0 7.0 33.0 21.0 17.0 11.0 7.0 3.0 54.0 30.0 5.0 35.0 32.0 53.0 1.0 36.0 3.0 3.0 2.0 0.0 1.0 0.0 0.0 0.0 0.0 0.0 0.0 3.0 0.0 1.0 1.0 0.0 0.0
9.0 6.0 7.0 8.0 93.0 33.0 58.0 1.0 8.0 19.0 1.0 1.0 1.0 4.0 0.0 5.0 27.0 12.0 12.0 1.0 4.0 5.0 12.0 0.0 19.0 4.0 0.0 0.0 2.0 0.0 1.0 0.0 0.0 1.0 0.0 1.0 4.0 0.0 0.0 8.0 0.0 0.0
12.0 36.0 13.0 48.0 33.0 565.0 66.0 73.0 11.0 15.0 3.0 10.0 34.0 39.0 38.0 31.0 14.0 287.0 143.0 53.0 27.0 17.0 285.0 8.0 62.0 42.0 20.0 9.0 3.0 3.0 2.0 1.0 0.0 1.0 0.0 2.0 6.0 1.0 1.0 9.0 0.0 0.0
9.0 7.0 3.0 17.0 58.0 66.0 126.0 1.0 10.0 9.0 0.0 6.0 0.0 1.0 1.0 1.0 19.0 12.0 11.0 1.0 1.0 3.0 12.0 0.0 30.0 4.0 0.0 2.0 2.0 1.0 0.0 0.0 0.0 1.0 0.0 1.0 3.0 0.0 0.0 10.0 0.0 0.0
1.0 1.0 2.0 1.0 1.0 73.0 1.0 74.0 1.0 1.0 1.0 0.0 2.0 1.0 1.0 1.0 1.0 2.0 3.0 1.0 0.0 2.0 2.0 0.0 0.0 0.0 0.0 0.0 1.0 0.0 0.0 1.0 0.0 0.0 0.0 0.0 2.0 0.0 0.0 0.0 0.0 0.0
3.0 2.0 1.0 0.0 8.0 11.0 10.0 1.0 113.0 10.0 16.0 1.0 5.0 2.0 0.0 1.0 10.0 2.0 1.0 0.0 0.0 1.0 2.0 0.0 9.0 0.0 0.0 0.0 2.0 1.0 5.0 3.0 0.0 0.0 2.0 0.0 2.0 1.0 1.0 54.0 1.0 0.0
19.0 13.0 9.0 5.0 19.0 15.0 9.0 1.0 10.0 179.0 72.0 0.0 9.0 28.0 0.0 52.0 19.0 11.0 10.0 0.0 6.0 3.0 10.0 0.0 9.0 0.0 0.0 3.0 0.0 0.0 0.0 0.0 0.0 0.0 2.0 8.0 1.0 0.0 0.0 10.0 0.0 0.0
10.0 8.0 3.0 7.0 1.0 3.0 0.0 1.0 16.0 72.0 139.0 2.0 13.0 10.0 0.0 30.0 8.0 6.0 4.0 0.0 0.0 2.0 6.0 0.0 0.0 0.0 0.0 0.0 1.0 0.0 2.0 0.0 0.0 0.0 0.0 24.0 1.0 0.0 0.0 2.0 1.0 0.0
2.0 2.0 4.0 33.0 1.0 10.0 6.0 0.0 1.0 0.0 2.0 98.0 30.0 21.0 14.0 0.0 1.0 17.0 13.0 1.0 2.0 6.0 17.0 0.0 6.0 0.0 1.0 1.0 0.0 0.0 0.0 0.0 0.0 0.0 0.0 0.0 0.0 0.0 0.0 0.0 0.0 0.0
5.0 7.0 10.0 21.0 1.0 34.0 0.0 2.0 5.0 9.0 13.0 30.0 175.0 56.0 51.0 10.0 6.0 36.0 20.0 6.0 7.0 3.0 36.0 0.0 9.0 4.0 1.0 2.0 2.0 0.0 1.0 0.0 0.0 0.0 0.0 3.0 0.0 0.0 0.0 0.0 0.0 0.0
4.0 12.0 6.0 17.0 4.0 39.0 1.0 1.0 2.0 28.0 10.0 21.0 56.0 115.0 53.0 34.0 4.0 59.0 35.0 7.0 17.0 12.0 57.0 0.0 10.0 5.0 1.0 3.0 0.0 0.0 0.0 0.0 0.0 0.0 0.0 0.0 1.0 0.0 0.0 1.0 0.0 0.0
0.0 7.0 2.0 11.0 0.0 38.0 1.0 1.0 0.0 0.0 0.0 14.0 51.0 53.0 68.0 7.0 2.0 34.0 17.0 7.0 6.0 4.0 33.0 0.0 15.0 5.0 2.0 1.0 0.0 1.0 0.0 0.0 0.0 0.0 0.0 0.0 0.0 0.0 0.0 0.0 0.0 0.0
12.0 38.0 6.0 7.0 5.0 31.0 1.0 1.0 1.0 52.0 30.0 0.0 10.0 34.0 7.0 96.0 3.0 37.0 27.0 27.0 8.0 5.0 37.0 1.0 1.0 0.0 0.0 2.0 1.0 1.0 1.0 0.0 0.0 0.0 0.0 8.0 1.0 0.0 0.0 2.0 0.0 0.0
5.0 2.0 1.0 3.0 27.0 14.0 19.0 1.0 10.0 19.0 8.0 1.0 6.0 4.0 2.0 3.0 67.0 4.0 2.0 0.0 0.0 2.0 4.0 0.0 10.0 2.0 0.0 0.0 1.0 0.0 0.0 0.0 0.0 0.0 0.0 0.0 1.0 0.0 0.0 8.0 0.0 0.0
12.0 36.0 16.0 54.0 12.0 287.0 12.0 2.0 2.0 11.0 6.0 17.0 36.0 59.0 34.0 37.0 4.0 784.0 326.0 122.0 194.0 31.0 752.0 80.0 22.0 20.0 11.0 98.0 0.0 7.0 2.0 2.0 0.0 0.0 0.0 0.0 1.0 1.0 0.0 1.0 0.0 0.0
11.0 27.0 15.0 30.0 12.0 143.0 11.0 3.0 1.0 10.0 4.0 13.0 20.0 35.0 17.0 27.0 2.0 326.0 337.0 50.0 73.0 22.0 329.0 23.0 9.0 20.0 10.0 41.0 0.0 5.0 0.0 2.0 0.0 0.0 0.0 0.0 1.0 1.0 0.0 0.0 0.0 0.0
5.0 27.0 0.0 5.0 1.0 53.0 1.0 1.0 0.0 0.0 0.0 1.0 6.0 7.0 7.0 27.0 0.0 122.0 50.0 175.0 84.0 3.0 120.0 79.0 7.0 4.0 3.0 11.0 2.0 5.0 3.0 1.0 0.0 0.0 0.0 1.0 1.0 0.0 3.0 0.0 1.0 0.0
2.0 1.0 5.0 35.0 4.0 27.0 1.0 0.0 0.0 6.0 0.0 2.0 7.0 17.0 6.0 8.0 0.0 194.0 73.0 84.0 218.0 5.0 191.0 79.0 33.0 4.0 4.0 22.0 1.0 5.0 0.0 2.0 0.0 0.0 0.0 0.0 0.0 0.0 1.0 0.0 0.0 0.0
1.0 2.0 12.0 32.0 5.0 17.0 3.0 2.0 1.0 3.0 2.0 6.0 3.0 12.0 4.0 5.0 2.0 31.0 22.0 3.0 5.0 96.0 29.0 0.0 3.0 3.0 1.0 4.0 0.0 1.0 0.0 0.0 0.0 0.0 0.0 0.0 2.0 0.0 0.0 0.0 0.0 0.0
12.0 36.0 16.0 53.0 12.0 285.0 12.0 2.0 2.0 10.0 6.0 17.0 36.0 57.0 33.0 37.0 4.0 752.0 329.0 120.0 191.0 29.0 757.0 80.0 21.0 20.0 10.0 96.0 0.0 7.0 2.0 2.0 0.0 0.0 0.0 0.0 1.0 1.0 0.0 1.0 0.0 0.0
1.0 1.0 0.0 1.0 0.0 8.0 0.0 0.0 0.0 0.0 0.0 0.0 0.0 0.0 0.0 1.0 0.0 80.0 23.0 79.0 79.0 0.0 80.0 83.0 1.0 2.0 2.0 2.0 0.0 0.0 0.0 0.0 0.0 0.0 0.0 0.0 0.0 0.0 0.0 0.0 0.0 0.0
2.0 3.0 0.0 36.0 19.0 62.0 30.0 0.0 9.0 9.0 0.0 6.0 9.0 10.0 15.0 1.0 10.0 22.0 9.0 7.0 33.0 3.0 21.0 1.0 152.0 5.0 2.0 3.0 8.0 1.0 1.0 0.0 0.0 0.0 0.0 0.0 3.0 0.0 1.0 9.0 0.0 0.0
0.0 0.0 1.0 3.0 4.0 42.0 4.0 0.0 0.0 0.0 0.0 0.0 4.0 5.0 5.0 0.0 2.0 20.0 20.0 4.0 4.0 3.0 20.0 2.0 5.0 48.0 17.0 0.0 0.0 0.0 0.0 0.0 0.0 0.0 0.0 0.0 0.0 0.0 0.0 0.0 0.0 0.0
0.0 0.0 0.0 3.0 0.0 20.0 0.0 0.0 0.0 0.0 0.0 1.0 1.0 1.0 2.0 0.0 0.0 11.0 10.0 3.0 4.0 1.0 10.0 2.0 2.0 17.0 25.0 0.0 0.0 0.0 0.0 0.0 0.0 0.0 0.0 0.0 0.0 0.0 0.0 0.0 0.0 0.0
9.0 20.0 1.0 2.0 0.0 9.0 2.0 0.0 0.0 3.0 0.0 1.0 2.0 3.0 1.0 2.0 0.0 98.0 41.0 11.0 22.0 4.0 96.0 2.0 3.0 0.0 0.0 202.0 17.0 16.0 10.0 0.0 7.0 0.0 1.0 0.0 1.0 6.0 0.0 2.0 1.0 0.0
8.0 4.0 0.0 0.0 2.0 3.0 2.0 1.0 2.0 0.0 1.0 0.0 2.0 0.0 0.0 1.0 1.0 0.0 0.0 2.0 1.0 0.0 0.0 0.0 8.0 0.0 0.0 17.0 209.0 11.0 20.0 5.0 44.0 2.0 6.0 5.0 17.0 3.0 1.0 1.0 2.0 0.0
9.0 2.0 7.0 1.0 0.0 3.0 1.0 0.0 1.0 0.0 0.0 0.0 0.0 0.0 1.0 1.0 0.0 7.0 5.0 5.0 5.0 1.0 7.0 0.0 1.0 0.0 0.0 16.0 11.0 121.0 14.0 1.0 8.0 0.0 10.0 0.0 4.0 10.0 6.0 3.0 2.0 0.0
2.0 1.0 0.0 0.0 1.0 2.0 0.0 0.0 5.0 0.0 2.0 0.0 1.0 0.0 0.0 1.0 0.0 2.0 0.0 3.0 0.0 0.0 2.0 0.0 1.0 0.0 0.0 10.0 20.0 14.0 134.0 0.0 10.0 2.0 6.0 3.0 7.0 5.0 3.0 4.0 3.0 0.0
1.0 1.0 0.0 0.0 0.0 1.0 0.0 1.0 3.0 0.0 0.0 0.0 0.0 0.0 0.0 0.0 0.0 2.0 2.0 1.0 2.0 0.0 2.0 0.0 0.0 0.0 0.0 0.0 5.0 1.0 0.0 96.0 0.0 0.0 1.0 0.0 0.0 2.0 0.0 0.0 0.0 0.0
1.0 0.0 0.0 0.0 0.0 0.0 0.0 0.0 0.0 0.0 0.0 0.0 0.0 0.0 0.0 0.0 0.0 0.0 0.0 0.0 0.0 0.0 0.0 0.0 0.0 0.0 0.0 7.0 44.0 8.0 10.0 0.0 54.0 0.0 3.0 3.0 0.0 0.0 0.0 0.0 0.0 0.0
1.0 0.0 0.0 0.0 1.0 1.0 1.0 0.0 0.0 0.0 0.0 0.0 0.0 0.0 0.0 0.0 0.0 0.0 0.0 0.0 0.0 0.0 0.0 0.0 0.0 0.0 0.0 0.0 2.0 0.0 2.0 0.0 0.0 8.0 0.0 1.0 1.0 0.0 0.0 0.0 1.0 0.0
1.0 1.0 1.0 0.0 0.0 0.0 0.0 0.0 2.0 2.0 0.0 0.0 0.0 0.0 0.0 0.0 0.0 0.0 0.0 0.0 0.0 0.0 0.0 0.0 0.0 0.0 0.0 1.0 6.0 10.0 6.0 1.0 3.0 0.0 46.0 0.0 2.0 6.0 6.0 4.0 2.0 0.0
0.0 0.0 0.0 0.0 1.0 2.0 1.0 0.0 0.0 8.0 24.0 0.0 3.0 0.0 0.0 8.0 0.0 0.0 0.0 1.0 0.0 0.0 0.0 0.0 0.0 0.0 0.0 0.0 5.0 0.0 3.0 0.0 3.0 1.0 0.0 37.0 2.0 1.0 0.0 0.0 0.0 0.0
2.0 1.0 0.0 3.0 4.0 6.0 3.0 2.0 2.0 1.0 1.0 0.0 0.0 1.0 0.0 1.0 1.0 1.0 1.0 1.0 0.0 2.0 1.0 0.0 3.0 0.0 0.0 1.0 17.0 4.0 7.0 0.0 0.0 1.0 2.0 2.0 94.0 8.0 2.0 27.0 26.0 0.0
0.0 5.0 0.0 0.0 0.0 1.0 0.0 0.0 1.0 0.0 0.0 0.0 0.0 0.0 0.0 0.0 0.0 1.0 1.0 0.0 0.0 0.0 1.0 0.0 0.0 0.0 0.0 6.0 3.0 10.0 5.0 2.0 0.0 0.0 6.0 1.0 8.0 115.0 9.0 9.0 4.0 0.0
1.0 0.0 1.0 1.0 0.0 1.0 0.0 0.0 1.0 0.0 0.0 0.0 0.0 0.0 0.0 0.0 0.0 0.0 0.0 3.0 1.0 0.0 0.0 0.0 1.0 0.0 0.0 0.0 1.0 6.0 3.0 0.0 0.0 0.0 6.0 0.0 2.0 9.0 84.0 2.0 4.0 0.0
1.0 2.0 0.0 1.0 8.0 9.0 10.0 0.0 54.0 10.0 2.0 0.0 0.0 1.0 0.0 2.0 8.0 1.0 0.0 0.0 0.0 0.0 1.0 0.0 9.0 0.0 0.0 2.0 1.0 3.0 4.0 0.0 0.0 0.0 4.0 0.0 27.0 9.0 2.0 120.0 23.0 0.0
1.0 1.0 0.0 0.0 0.0 0.0 0.0 0.0 1.0 0.0 1.0 0.0 0.0 0.0 0.0 0.0 0.0 0.0 0.0 1.0 0.0 0.0 0.0 0.0 0.0 0.0 0.0 1.0 2.0 2.0 3.0 0.0 0.0 1.0 2.0 0.0 26.0 4.0 4.0 23.0 31.0 0.0
0.0 0.0 0.0 0.0 0.0 0.0 0.0 0.0 0.0 0.0 0.0 0.0 0.0 0.0 0.0 0.0 0.0 0.0 0.0 0.0 0.0 0.0 0.0 0.0 0.0 0.0 0.0 0.0 0.0 0.0 0.0 0.0 0.0 0.0 0.0 0.0 0.0 0.0 0.0 0.0 0.0 1.0
