220.0 75.0 45.0 9.0 5.0 9.0 8.0 2.0 7.0 27.0 22.0 3.0 6.0 17.0 1.0 25.0 8.0 9.0 9.0 4.0 4.0 0.0 10.0 0.0 1.0 0.0 0.0 8.0 12.0 6.0 1.0 0.0 0.0 0.0 0.0 0.0 2.0 1.0 1.0 3.0 1.0 0.0
75.0 124.0 2.0 2.0 2.0 32.0 2.0 0.0 1.0 19.0 13.0 1.0 5.0 17.0 4.0 47.0 3.0 29.0 21.0 28.0 2.0 1.0 28.0 1.0 2.0 1.0 0.0 13.0 7.0 2.0 0.0 0.0 0.0 0.0 5.0 0.0 0.0 5.0 1.0 1.0 0.0 0.0
45.0 2.0 148.0 20.0 0.0 6.0 0.0 2.0 2.0 10.0 5.0 7.0 13.0 5.0 0.0 8.0 1.0 6.0 6.0 0.0 1.0 6.0 6.0 0.0 0.0 0.0 0.0 0.0 1.0 5.0 0.0 0.0 0.0 0.0 0.0 0.0 0.0 0.0 2.0 1.0 1.0 0.0
9.0 2.0 20.0 251.0 4.0 53.0 14.0 0.0 1.0 2.0 2.0 37.0 33.0 23.0 15.0 2.0 1.0 42.0 19.0 3.0 32.0 24.0 42.0 1.0 40.0 3.0 2.0 0.0 1.0 0.0 0.0 1.0 0.0 0.0 0.0 1.0 1.0 0.0 0.0 1.0 0.0 0.0
5.0 2.0 0.0 4.0 56.0 19.0 32.0 0.0 6.0 9.0 0.0 0.0 0.0 1.0 0.0 1.0 16.0 2.0 2.0 1.0 0.0 0.0 3.0 0.0 8.0 2.0 0.0 1.0 0.0 0.0 0.0 0.0 0.0 2.0 0.0 1.0 0.0 0.0 0.0 3.0 0.0 0.0
9.0 32.0 6.0 53.0 19.0 518.0 57.0 7.0 5.0 13.0 6.0 7.0 35.0 36.0 33.0 35.0 8.0 278.0 141.0 59.0 41.0 16.0 274.0 18.0 52.0 44.0 27.0 14.0 4.0 0.0 3.0 1.0 0.0 0.0 0.0 2.0 4.0 1.0 0.0 6.0 1.0 0.0
8.0 2.0 0.0 14.0 32.0 57.0 105.0 0.0 5.0 6.0 0.0 3.0 0.0 0.0 1.0 0.0 14.0 7.0 7.0 2.0 0.0 5.0 8.0 0.0 27.0 6.0 3.0 1.0 3.0 0.0 3.0 0.0 0.0 1.0 0.0 0.0 3.0 0.0 0.0 6.0 1.0 0.0
2.0 0.0 2.0 0.0 0.0 7.0 0.0 9.0 0.0 1.0 0.0 0.0 1.0 0.0 0.0 0.0 0.0 0.0 0.0 0.0 0.0 0.0 1.0 0.0 0.0 0.0 0.0 1.0 1.0 0.0 0.0 0.0 0.0 0.0 0.0 0.0 0.0 1.0 1.0 0.0 1.0 0.0
7.0 1.0 2.0 1.0 6.0 5.0 5.0 0.0 114.0 7.0 12.0 5.0 6.0 1.0 0.0 1.0 7.0 0.0 0.0 1.0 0.0 0.0 0.0 0.0 3.0 0.0 0.0 0.0 5.0 0.0 2.0 1.0 0.0 2.0 0.0 1.0 2.0 0.0 0.0 46.0 0.0 0.0
27.0 19.0 10.0 2.0 9.0 13.0 6.0 1.0 7.0 204.0 89.0 2.0 10.0 46.0 1.0 73.0 12.0 16.0 13.0 2.0 4.0 1.0 13.0 0.0 5.0 0.0 0.0 2.0 0.0 0.0 0.0 0.0 0.0 0.0 0.0 1.0 0.0 1.0 1.0 4.0 1.0 0.0
22.0 13.0 5.0 2.0 0.0 6.0 0.0 0.0 12.0 89.0 152.0 6.0 9.0 14.0 1.0 42.0 7.0 8.0 5.0 1.0 4.0 0.0 7.0 0.0 1.0 1.0 1.0 0.0 0.0 0.0 0.0 0.0 0.0 0.0 0.0 27.0 0.0 0.0 0.0 1.0 0.0 0.0
3.0 1.0 7.0 37.0 0.0 7.0 3.0 0.0 5.0 2.0 6.0 95.0 37.0 25.0 11.0 2.0 1.0 8.0 8.0 4.0 1.0 10.0 8.0 0.0 6.0 0.0 0.0 0.0 0.0 0.0 1.0 0.0 0.0 0.0 0.0 1.0 0.0 0.0 0.0 1.0 0.0 0.0
6.0 5.0 13.0 33.0 0.0 35.0 0.0 1.0 6.0 10.0 9.0 37.0 173.0 54.0 53.0 7.0 3.0 33.0 18.0 6.0 12.0 5.0 32.0 1.0 16.0 1.0 1.0 0.0 1.0 0.0 0.0 0.0 0.0 0.0 0.0 0.0 0.0 0.0 1.0 0.0 1.0 0.0
17.0 17.0 5.0 23.0 1.0 36.0 0.0 0.0 1.0 46.0 14.0 25.0 54.0 134.0 53.0 49.0 1.0 40.0 22.0 6.0 14.0 13.0 38.0 2.0 15.0 0.0 0.0 2.0 1.0 0.0 0.0 0.0 0.0 0.0 0.0 0.0 0.0 0.0 0.0 1.0 0.0 0.0
1.0 4.0 0.0 15.0 0.0 33.0 1.0 0.0 0.0 1.0 1.0 11.0 53.0 53.0 61.0 6.0 0.0 29.0 14.0 4.0 10.0 5.0 28.0 1.0 16.0 0.0 0.0 0.0 0.0 0.0 0.0 0.0 0.0 0.0 0.0 0.0 0.0 0.0 0.0 0.0 0.0 0.0
25.0 47.0 8.0 2.0 1.0 35.0 0.0 0.0 1.0 73.0 42.0 2.0 7.0 49.0 6.0 134.0 3.0 37.0 29.0 27.0 4.0 2.0 36.0 1.0 4.0 1.0 0.0 2.0 0.0 0.0 0.0 0.0 0.0 0.0 0.0 0.0 0.0 0.0 0.0 1.0 0.0 0.0
8.0 3.0 1.0 1.0 16.0 8.0 14.0 0.0 7.0 12.0 7.0 1.0 3.0 1.0 0.0 3.0 51.0 2.0 1.0 1.0 0.0 0.0 3.0 0.0 4.0 0.0 0.0 1.0 0.0 0.0 0.0 0.0 0.0 2.0 0.0 1.0 1.0 0.0 0.0 4.0 0.0 0.0
9.0 29.0 6.0 42.0 2.0 278.0 7.0 0.0 0.0 16.0 8.0 8.0 33.0 40.0 29.0 37.0 2.0 728.0 345.0 131.0 199.0 33.0 704.0 89.0 23.0 20.0 10.0 87.0 1.0 4.0 1.0 1.0 0.0 0.0 0.0 3.0 0.0 0.0 1.0 0.0 0.0 0.0
9.0 21.0 6.0 19.0 2.0 141.0 7.0 0.0 0.0 13.0 5.0 8.0 18.0 22.0 14.0 29.0 1.0 345.0 352.0 82.0 106.0 24.0 341.0 52.0 14.0 20.0 10.0 43.0 0.0 3.0 0.0 0.0 0.0 0.0 0.0 1.0 0.0 0.0 1.0 0.0 0.0 0.0
4.0 28.0 0.0 3.0 1.0 59.0 2.0 0.0 1.0 2.0 1.0 4.0 6.0 6.0 4.0 27.0 1.0 131.0 82.0 191.0 94.0 3.0 129.0 87.0 3.0 2.0 0.0 8.0 2.0 2.0 2.0 1.0 0.0 1.0 0.0 1.0 0.0 0.0 0.0 0.0 0.0 0.0
4.0 2.0 1.0 32.0 0.0 41.0 0.0 0.0 0.0 4.0 4.0 1.0 12.0 14.0 10.0 4.0 0.0 199.0 106.0 94.0 226.0 4.0 199.0 88.0 31.0 6.0 4.0 26.0 3.0 2.0 1.0 2.0 0.0 0.0 0.0 4.0 0.0 0.0 0.0 0.0 0.0 0.0
0.0 1.0 6.0 24.0 0.0 16.0 5.0 0.0 0.0 1.0 0.0 10.0 5.0 13.0 5.0 2.0 0.0 33.0 24.0 3.0 4.0 110.0 32.0 3.0 4.0 5.0 4.0 1.0 0.0 0.0 0.0 0.0 0.0 0.0 0.0 0.0 0.0 0.0 0.0 1.0 0.0 0.0
10.0 28.0 6.0 42.0 3.0 274.0 8.0 1.0 0.0 13.0 7.0 8.0 32.0 38.0 28.0 36.0 3.0 704.0 341.0 129.0 199.0 32.0 713.0 89.0 22.0 19.0 10.0 91.0 1.0 4.0 1.0 1.0 0.0 0.0 0.0 3.0 0.0 1.0 1.0 0.0 0.0 0.0
0.0 1.0 0.0 1.0 0.0 18.0 0.0 0.0 0.0 0.0 0.0 0.0 1.0 2.0 1.0 1.0 0.0 89.0 52.0 87.0 88.0 3.0 89.0 91.0 1.0 1.0 0.0 1.0 0.0 0.0 0.0 0.0 0.0 0.0 0.0 0.0 0.0 0.0 0.0 0.0 0.0 0.0
1.0 2.0 0.0 40.0 8.0 52.0 27.0 0.0 3.0 5.0 1.0 6.0 16.0 15.0 16.0 4.0 4.0 23.0 14.0 3.0 31.0 4.0 22.0 1.0 138.0 6.0 2.0 0.0 12.0 0.0 0.0 0.0 0.0 0.0 0.0 1.0 0.0 0.0 0.0 3.0 0.0 0.0
0.0 1.0 0.0 3.0 2.0 44.0 6.0 0.0 0.0 0.0 1.0 0.0 1.0 0.0 0.0 1.0 0.0 20.0 20.0 2.0 6.0 5.0 19.0 1.0 6.0 48.0 24.0 1.0 0.0 0.0 0.0 0.0 0.0 0.0 0.0 0.0 0.0 0.0 0.0 0.0 0.0 0.0
0.0 0.0 0.0 2.0 0.0 27.0 3.0 0.0 0.0 0.0 1.0 0.0 1.0 0.0 0.0 0.0 0.0 10.0 10.0 0.0 4.0 4.0 10.0 0.0 2.0 24.0 37.0 0.0 0.0 0.0 0.0 0.0 0.0 0.0 0.0 0.0 0.0 0.0 0.0 0.0 0.0 0.0
8.0 13.0 0.0 0.0 1.0 14.0 1.0 1.0 0.0 2.0 0.0 0.0 0.0 2.0 0.0 2.0 1.0 87.0 43.0 8.0 26.0 1.0 91.0 1.0 0.0 1.0 0.0 182.0 16.0 7.0 10.0 5.0 6.0 0.0 1.0 2.0 0.0 5.0 3.0 2.0 0.0 0.0
12.0 7.0 1.0 1.0 0.0 4.0 3.0 1.0 5.0 0.0 0.0 0.0 1.0 1.0 0.0 0.0 0.0 1.0 0.0 2.0 3.0 0.0 1.0 0.0 12.0 0.0 0.0 16.0 216.0 8.0 22.0 9.0 41.0 2.0 5.0 0.0 12.0 0.0 1.0 5.0 1.0 0.0
6.0 2.0 5.0 0.0 0.0 0.0 0.0 0.0 0.0 0.0 0.0 0.0 0.0 0.0 0.0 0.0 0.0 4.0 3.0 2.0 2.0 0.0 4.0 0.0 0.0 0.0 0.0 7.0 8.0 83.0 8.0 1.0 6.0 0.0 2.0 0.0 0.0 5.0 1.0 0.0 0.0 0.0
1.0 0.0 0.0 0.0 0.0 3.0 3.0 0.0 2.0 0.0 0.0 1.0 0.0 0.0 0.0 0.0 0.0 1.0 0.0 2.0 1.0 0.0 1.0 0.0 0.0 0.0 0.0 10.0 22.0 8.0 125.0 8.0 10.0 1.0 1.0 1.0 3.0 0.0 2.0 2.0 3.0 0.0
0.0 0.0 0.0 1.0 0.0 1.0 0.0 0.0 1.0 0.0 0.0 0.0 0.0 0.0 0.0 0.0 0.0 1.0 0.0 1.0 2.0 0.0 1.0 0.0 0.0 0.0 0.0 5.0 9.0 1.0 8.0 96.0 3.0 0.0 0.0 0.0 2.0 0.0 1.0 0.0 1.0 0.0
0.0 0.0 0.0 0.0 0.0 0.0 0.0 0.0 0.0 0.0 0.0 0.0 0.0 0.0 0.0 0.0 0.0 0.0 0.0 0.0 0.0 0.0 0.0 0.0 0.0 0.0 0.0 6.0 41.0 6.0 10.0 3.0 44.0 0.0 4.0 0.0 0.0 0.0 0.0 0.0 0.0 0.0
0.0 0.0 0.0 0.0 2.0 0.0 1.0 0.0 2.0 0.0 0.0 0.0 0.0 0.0 0.0 0.0 2.0 0.0 0.0 1.0 0.0 0.0 0.0 0.0 0.0 0.0 0.0 0.0 2.0 0.0 1.0 0.0 0.0 9.0 0.0 2.0 0.0 0.0 0.0 0.0 0.0 0.0
0.0 5.0 0.0 0.0 0.0 0.0 0.0 0.0 0.0 0.0 0.0 0.0 0.0 0.0 0.0 0.0 0.0 0.0 0.0 0.0 0.0 0.0 0.0 0.0 0.0 0.0 0.0 1.0 5.0 2.0 1.0 0.0 4.0 0.0 25.0 0.0 2.0 1.0 1.0 3.0 1.0 0.0
0.0 0.0 0.0 1.0 1.0 2.0 0.0 0.0 1.0 1.0 27.0 1.0 0.0 0.0 0.0 0.0 1.0 3.0 1.0 1.0 4.0 0.0 3.0 0.0 1.0 0.0 0.0 2.0 0.0 0.0 1.0 0.0 0.0 2.0 0.0 37.0 1.0 0.0 0.0 0.0 0.0 0.0
2.0 0.0 0.0 1.0 0.0 4.0 3.0 0.0 2.0 0.0 0.0 0.0 0.0 0.0 0.0 0.0 1.0 0.0 0.0 0.0 0.0 0.0 0.0 0.0 0.0 0.0 0.0 0.0 12.0 0.0 3.0 2.0 0.0 0.0 2.0 1.0 80.0 10.0 3.0 21.0 14.0 0.0
1.0 5.0 0.0 0.0 0.0 1.0 0.0 1.0 0.0 1.0 0.0 0.0 0.0 0.0 0.0 0.0 0.0 0.0 0.0 0.0 0.0 0.0 1.0 0.0 0.0 0.0 0.0 5.0 0.0 5.0 0.0 0.0 0.0 0.0 1.0 0.0 10.0 104.0 2.0 7.0 2.0 0.0
1.0 1.0 2.0 0.0 0.0 0.0 0.0 1.0 0.0 1.0 0.0 0.0 1.0 0.0 0.0 0.0 0.0 1.0 1.0 0.0 0.0 0.0 1.0 0.0 0.0 0.0 0.0 3.0 1.0 1.0 2.0 1.0 0.0 0.0 1.0 0.0 3.0 2.0 70.0 4.0 12.0 0.0
3.0 1.0 1.0 1.0 3.0 6.0 6.0 0.0 46.0 4.0 1.0 1.0 0.0 1.0 0.0 1.0 4.0 0.0 0.0 0.0 0.0 1.0 0.0 0.0 3.0 0.0 0.0 2.0 5.0 0.0 2.0 0.0 0.0 0.0 3.0 0.0 21.0 7.0 4.0 92.0 12.0 0.0
1.0 0.0 1.0 0.0 0.0 1.0 1.0 1.0 0.0 1.0 0.0 0.0 1.0 0.0 0.0 0.0 0.0 0.0 0.0 0.0 0.0 0.0 0.0 0.0 0.0 0.0 0.0 0.0 1.0 0.0 3.0 1.0 0.0 0.0 1.0 0.0 14.0 2.0 12.0 12.0 26.0 0.0
0.0 0.0 0.0 0.0 0.0 0.0 0.0 0.0 0.0 0.0 0.0 0.0 0.0 0.0 0.0 0.0 0.0 0.0 0.0 0.0 0.0 0.0 0.0 0.0 0.0 0.0 0.0 0.0 0.0 0.0 0.0 0.0 0.0 0.0 0.0 0.0 0.0 0.0 0.0 0.0 0.0 0.0
