1369.0 344.0 152.0 5.0 83.0 30.0 81.0 27.0 25.0 132.0 82.0 2.0 4.0 71.0 5.0 103.0 60.0 21.0 11.0 19.0 2.0 6.0 18.0 2.0 5.0 4.0 0.0 62.0 66.0 53.0 11.0 1.0 7.0 5.0 5.0 2.0 5.0 13.0 0.0 4.0 3.0 0.0
344.0 1417.0 59.0 10.0 43.0 87.0 39.0 24.0 15.0 228.0 75.0 1.0 51.0 181.0 46.0 255.0 44.0 123.0 50.0 59.0 3.0 3.0 71.0 1.0 11.0 1.0 0.0 47.0 36.0 20.0 4.0 2.0 1.0 4.0 12.0 0.0 3.0 26.0 2.0 1.0 5.0 0.0
152.0 59.0 983.0 90.0 63.0 9.0 64.0 49.0 4.0 54.0 37.0 29.0 57.0 23.0 3.0 18.0 32.0 34.0 9.0 3.0 1.0 50.0 29.0 0.0 0.0 0.0 0.0 4.0 2.0 29.0 0.0 0.0 0.0 0.0 1.0 0.0 2.0 0.0 1.0 1.0 0.0 0.0
5.0 10.0 90.0 1521.0 12.0 276.0 25.0 64.0 5.0 20.0 18.0 118.0 129.0 146.0 80.0 11.0 34.0 234.0 75.0 27.0 184.0 115.0 225.0 1.0 222.0 16.0 11.0 3.0 4.0 7.0 3.0 3.0 0.0 3.0 0.0 0.0 8.0 0.0 1.0 4.0 4.0 0.0
83.0 43.0 63.0 12.0 631.0 123.0 231.0 1.0 98.0 35.0 5.0 1.0 5.0 3.0 3.0 52.0 135.0 21.0 0.0 2.0 0.0 0.0 19.0 0.0 87.0 41.0 0.0 1.0 50.0 47.0 50.0 0.0 0.0 50.0 0.0 0.0 11.0 0.0 0.0 34.0 4.0 0.0
30.0 87.0 9.0 276.0 123.0 2916.0 205.0 156.0 40.0 48.0 16.0 13.0 157.0 222.0 202.0 97.0 49.0 660.0 198.0 112.0 158.0 57.0 592.0 8.0 372.0 137.0 57.0 11.0 6.0 8.0 7.0 3.0 1.0 3.0 0.0 0.0 8.0 1.0 15.0 33.0 3.0 2.0
81.0 39.0 64.0 25.0 231.0 205.0 863.0 2.0 90.0 35.0 4.0 14.0 4.0 3.0 14.0 52.0 129.0 21.0 6.0 11.0 2.0 4.0 17.0 0.0 167.0 45.0 2.0 0.0 57.0 48.0 54.0 0.0 1.0 50.0 0.0 0.0 5.0 2.0 2.0 35.0 1.0 1.0
27.0 24.0 49.0 64.0 1.0 156.0 2.0 509.0 0.0 1.0 0.0 1.0 1.0 1.0 1.0 21.0 27.0 2.0 2.0 0.0 0.0 2.0 1.0 0.0 0.0 0.0 0.0 0.0 1.0 3.0 0.0 0.0 0.0 0.0 0.0 0.0 0.0 0.0 0.0 0.0 0.0 1.0
25.0 15.0 4.0 5.0 98.0 40.0 90.0 0.0 973.0 78.0 61.0 6.0 44.0 3.0 6.0 61.0 146.0 5.0 1.0 10.0 1.0 0.0 4.0 0.0 40.0 0.0 0.0 4.0 88.0 48.0 61.0 1.0 7.0 64.0 1.0 5.0 22.0 2.0 2.0 163.0 13.0 0.0
132.0 228.0 54.0 20.0 35.0 48.0 35.0 1.0 78.0 1560.0 345.0 5.0 21.0 154.0 4.0 249.0 155.0 63.0 6.0 0.0 1.0 9.0 17.0 0.0 38.0 6.0 4.0 17.0 21.0 0.0 15.0 0.0 12.0 3.0 14.0 19.0 4.0 2.0 0.0 45.0 4.0 0.0
82.0 75.0 37.0 18.0 5.0 16.0 4.0 0.0 61.0 345.0 1116.0 29.0 65.0 103.0 20.0 104.0 132.0 19.0 3.0 0.0 0.0 1.0 16.0 0.0 7.0 1.0 0.0 0.0 13.0 1.0 2.0 0.0 0.0 0.0 0.0 22.0 0.0 0.0 0.0 2.0 1.0 0.0
2.0 1.0 29.0 118.0 1.0 13.0 14.0 1.0 6.0 5.0 29.0 549.0 56.0 32.0 41.0 3.0 30.0 19.0 4.0 0.0 1.0 21.0 13.0 0.0 40.0 0.0 0.0 0.0 3.0 7.0 3.0 0.0 2.0 1.0 0.0 1.0 0.0 0.0 0.0 0.0 1.0 0.0
4.0 51.0 57.0 129.0 5.0 157.0 4.0 1.0 44.0 21.0 65.0 56.0 1042.0 250.0 233.0 51.0 9.0 158.0 39.0 44.0 70.0 9.0 155.0 0.0 75.0 0.0 0.0 1.0 3.0 7.0 1.0 0.0 0.0 0.0 0.0 1.0 1.0 0.0 0.0 1.0 0.0 0.0
71.0 181.0 23.0 146.0 3.0 222.0 3.0 1.0 3.0 154.0 103.0 32.0 250.0 1465.0 279.0 204.0 108.0 346.0 63.0 54.0 147.0 31.0 299.0 74.0 184.0 7.0 28.0 4.0 5.0 0.0 3.0 0.0 0.0 3.0 0.0 0.0 3.0 1.0 2.0 0.0 3.0 0.0
5.0 46.0 3.0 80.0 3.0 202.0 14.0 1.0 6.0 4.0 20.0 41.0 233.0 279.0 811.0 45.0 45.0 160.0 37.0 44.0 71.0 6.0 152.0 0.0 131.0 2.0 28.0 2.0 3.0 0.0 2.0 0.0 2.0 1.0 0.0 0.0 0.0 0.0 0.0 0.0 1.0 0.0
103.0 255.0 18.0 11.0 52.0 97.0 52.0 21.0 61.0 249.0 104.0 3.0 51.0 204.0 45.0 1012.0 81.0 111.0 45.0 58.0 5.0 1.0 63.0 1.0 36.0 7.0 4.0 5.0 61.0 49.0 50.0 1.0 0.0 50.0 0.0 19.0 3.0 1.0 0.0 0.0 3.0 0.0
60.0 44.0 32.0 34.0 135.0 49.0 129.0 27.0 146.0 155.0 132.0 30.0 9.0 108.0 45.0 81.0 1078.0 84.0 5.0 3.0 2.0 1.0 83.0 67.0 58.0 0.0 23.0 1.0 54.0 48.0 50.0 1.0 0.0 48.0 1.0 2.0 2.0 0.0 0.0 42.0 9.0 0.0
21.0 123.0 34.0 234.0 21.0 660.0 21.0 2.0 5.0 63.0 19.0 19.0 158.0 346.0 160.0 111.0 84.0 4482.0 542.0 389.0 662.0 181.0 1888.0 341.0 110.0 33.0 7.0 195.0 5.0 24.0 17.0 0.0 1.0 3.0 0.0 0.0 3.0 1.0 3.0 1.0 3.0 1.0
11.0 50.0 9.0 75.0 0.0 198.0 6.0 2.0 1.0 6.0 3.0 4.0 39.0 63.0 37.0 45.0 5.0 542.0 1588.0 159.0 303.0 55.0 494.0 192.0 9.0 20.0 3.0 28.0 1.0 8.0 7.0 0.0 0.0 1.0 1.0 0.0 0.0 2.0 5.0 2.0 0.0 2.0
19.0 59.0 3.0 27.0 2.0 112.0 11.0 0.0 10.0 0.0 0.0 0.0 44.0 54.0 44.0 58.0 3.0 389.0 159.0 1192.0 321.0 22.0 379.0 273.0 24.0 4.0 2.0 40.0 11.0 31.0 19.0 0.0 1.0 2.0 1.0 0.0 12.0 2.0 20.0 10.0 0.0 1.0
2.0 3.0 1.0 184.0 0.0 158.0 2.0 0.0 1.0 1.0 0.0 1.0 70.0 147.0 71.0 5.0 2.0 662.0 303.0 321.0 1888.0 11.0 651.0 375.0 180.0 11.0 11.0 52.0 5.0 9.0 4.0 3.0 0.0 0.0 0.0 0.0 0.0 2.0 0.0 1.0 0.0 1.0
6.0 3.0 50.0 115.0 0.0 57.0 4.0 2.0 0.0 9.0 1.0 21.0 9.0 31.0 6.0 1.0 1.0 181.0 55.0 22.0 11.0 828.0 159.0 52.0 5.0 8.0 2.0 6.0 0.0 10.0 1.0 0.0 1.0 0.0 0.0 0.0 1.0 1.0 2.0 2.0 1.0 1.0
18.0 71.0 29.0 225.0 19.0 592.0 17.0 1.0 4.0 17.0 16.0 13.0 155.0 299.0 152.0 63.0 83.0 1888.0 494.0 379.0 651.0 159.0 3990.0 341.0 104.0 28.0 6.0 188.0 5.0 22.0 16.0 0.0 0.0 3.0 0.0 0.0 3.0 1.0 3.0 3.0 3.0 0.0
2.0 1.0 0.0 1.0 0.0 8.0 0.0 0.0 0.0 0.0 0.0 0.0 0.0 74.0 0.0 1.0 67.0 341.0 192.0 273.0 375.0 52.0 341.0 1035.0 0.0 1.0 0.0 4.0 1.0 6.0 2.0 0.0 0.0 1.0 0.0 1.0 0.0 1.0 0.0 0.0 1.0 0.0
5.0 11.0 0.0 222.0 87.0 372.0 167.0 0.0 40.0 38.0 7.0 40.0 75.0 184.0 131.0 36.0 58.0 110.0 9.0 24.0 180.0 5.0 104.0 0.0 1440.0 79.0 50.0 1.0 40.0 6.0 13.0 0.0 4.0 6.0 1.0 0.0 7.0 2.0 3.0 35.0 3.0 0.0
4.0 1.0 0.0 16.0 41.0 137.0 45.0 0.0 0.0 6.0 1.0 0.0 0.0 7.0 2.0 7.0 0.0 33.0 20.0 4.0 11.0 8.0 28.0 1.0 79.0 396.0 70.0 1.0 2.0 0.0 2.0 1.0 0.0 0.0 0.0 0.0 0.0 0.0 0.0 0.0 0.0 1.0
0.0 0.0 0.0 11.0 0.0 57.0 2.0 0.0 0.0 4.0 0.0 0.0 0.0 28.0 28.0 4.0 23.0 7.0 3.0 2.0 11.0 2.0 6.0 0.0 50.0 70.0 234.0 0.0 2.0 0.0 0.0 0.0 0.0 0.0 0.0 0.0 0.0 0.0 0.0 0.0 0.0 0.0
62.0 47.0 4.0 3.0 1.0 11.0 0.0 0.0 4.0 17.0 0.0 0.0 1.0 4.0 2.0 5.0 1.0 195.0 28.0 40.0 52.0 6.0 188.0 4.0 1.0 1.0 0.0 1138.0 72.0 75.0 62.0 3.0 31.0 2.0 17.0 9.0 1.0 25.0 3.0 18.0 0.0 1.0
66.0 36.0 2.0 4.0 50.0 6.0 57.0 1.0 88.0 21.0 13.0 3.0 3.0 5.0 3.0 61.0 54.0 5.0 1.0 11.0 5.0 0.0 5.0 1.0 40.0 2.0 2.0 72.0 1348.0 87.0 140.0 28.0 99.0 124.0 21.0 57.0 35.0 2.0 9.0 17.0 3.0 3.0
53.0 20.0 29.0 7.0 47.0 8.0 48.0 3.0 48.0 0.0 1.0 7.0 7.0 0.0 0.0 49.0 48.0 24.0 8.0 31.0 9.0 10.0 22.0 6.0 6.0 0.0 0.0 75.0 87.0 722.0 90.0 1.0 20.0 50.0 23.0 8.0 1.0 23.0 26.0 2.0 3.0 2.0
11.0 4.0 0.0 3.0 50.0 7.0 54.0 0.0 61.0 15.0 2.0 3.0 1.0 3.0 2.0 50.0 50.0 17.0 7.0 19.0 4.0 1.0 16.0 2.0 13.0 2.0 0.0 62.0 140.0 90.0 843.0 12.0 143.0 137.0 86.0 71.0 17.0 19.0 11.0 23.0 8.0 0.0
1.0 2.0 0.0 3.0 0.0 3.0 0.0 0.0 1.0 0.0 0.0 0.0 0.0 0.0 0.0 1.0 1.0 0.0 0.0 0.0 3.0 0.0 0.0 0.0 0.0 1.0 0.0 3.0 28.0 1.0 12.0 478.0 19.0 3.0 1.0 28.0 7.0 1.0 9.0 2.0 1.0 0.0
7.0 1.0 0.0 0.0 0.0 1.0 1.0 0.0 7.0 12.0 0.0 2.0 0.0 0.0 2.0 0.0 0.0 1.0 0.0 1.0 0.0 1.0 0.0 0.0 4.0 0.0 0.0 31.0 99.0 20.0 143.0 19.0 480.0 73.0 81.0 67.0 1.0 2.0 5.0 15.0 2.0 0.0
5.0 4.0 0.0 3.0 50.0 3.0 50.0 0.0 64.0 3.0 0.0 1.0 0.0 3.0 1.0 50.0 48.0 3.0 1.0 2.0 0.0 0.0 3.0 1.0 6.0 0.0 0.0 2.0 124.0 50.0 137.0 3.0 73.0 442.0 61.0 115.0 6.0 0.0 3.0 3.0 4.0 0.0
5.0 12.0 1.0 0.0 0.0 0.0 0.0 0.0 1.0 14.0 0.0 0.0 0.0 0.0 0.0 0.0 1.0 0.0 1.0 1.0 0.0 0.0 0.0 0.0 1.0 0.0 0.0 17.0 21.0 23.0 86.0 1.0 81.0 61.0 451.0 108.0 0.0 56.0 25.0 23.0 44.0 0.0
2.0 0.0 0.0 0.0 0.0 0.0 0.0 0.0 5.0 19.0 22.0 1.0 1.0 0.0 0.0 19.0 2.0 0.0 0.0 0.0 0.0 0.0 0.0 1.0 0.0 0.0 0.0 9.0 57.0 8.0 71.0 28.0 67.0 115.0 108.0 492.0 0.0 41.0 2.0 4.0 44.0 0.0
5.0 3.0 2.0 8.0 11.0 8.0 5.0 0.0 22.0 4.0 0.0 0.0 1.0 3.0 0.0 3.0 2.0 3.0 0.0 12.0 0.0 1.0 3.0 0.0 7.0 0.0 0.0 1.0 35.0 1.0 17.0 7.0 1.0 6.0 0.0 0.0 559.0 33.0 20.0 93.0 106.0 1.0
13.0 26.0 0.0 0.0 0.0 1.0 2.0 0.0 2.0 2.0 0.0 0.0 0.0 1.0 0.0 1.0 0.0 1.0 2.0 2.0 2.0 1.0 1.0 1.0 2.0 0.0 0.0 25.0 2.0 23.0 19.0 1.0 2.0 0.0 56.0 41.0 33.0 744.0 29.0 28.0 61.0 0.0
0.0 2.0 1.0 1.0 0.0 15.0 2.0 0.0 2.0 0.0 0.0 0.0 0.0 2.0 0.0 0.0 0.0 3.0 5.0 20.0 0.0 2.0 3.0 0.0 3.0 0.0 0.0 3.0 9.0 26.0 11.0 9.0 5.0 3.0 25.0 2.0 20.0 29.0 518.0 7.0 28.0 0.0
4.0 1.0 1.0 4.0 34.0 33.0 35.0 0.0 163.0 45.0 2.0 0.0 1.0 0.0 0.0 0.0 42.0 1.0 2.0 10.0 1.0 2.0 3.0 0.0 35.0 0.0 0.0 18.0 17.0 2.0 23.0 2.0 15.0 3.0 23.0 4.0 93.0 28.0 7.0 743.0 119.0 0.0
3.0 5.0 0.0 4.0 4.0 3.0 1.0 0.0 13.0 4.0 1.0 1.0 0.0 3.0 1.0 3.0 9.0 3.0 0.0 0.0 0.0 1.0 3.0 1.0 3.0 0.0 0.0 0.0 3.0 3.0 8.0 1.0 2.0 4.0 44.0 44.0 106.0 61.0 28.0 119.0 464.0 1.0
0.0 0.0 0.0 0.0 0.0 2.0 1.0 1.0 0.0 0.0 0.0 0.0 0.0 0.0 0.0 0.0 0.0 1.0 2.0 1.0 1.0 1.0 0.0 0.0 0.0 1.0 0.0 1.0 3.0 2.0 0.0 0.0 0.0 0.0 0.0 0.0 1.0 0.0 0.0 0.0 1.0 44.0
